service_id,date,exception_type
33610,20240226,1
34010,20240226,1
65110,20240226,1
336110,20240226,1
341510,20240226,1
33610,20240227,1
34010,20240227,1
65110,20240227,1
336010,20240227,1
341610,20240227,1
33710,20240228,1
34010,20240228,1
65010,20240228,1
336010,20240228,1
341510,20240228,1
33610,20240229,1
34010,20240229,1
65110,20240229,1
336010,20240229,1
341510,20240229,1
33610,20240301,1
34110,20240301,1
65010,20240301,1
336010,20240301,1
341510,20240301,1
33610,20240304,1
34010,20240304,1
65110,20240304,1
336110,20240304,1
341510,20240304,1
33610,20240305,1
34010,20240305,1
65110,20240305,1
336010,20240305,1
341610,20240305,1
33710,20240306,1
34010,20240306,1
65010,20240306,1
336010,20240306,1
341510,20240306,1
33610,20240307,1
34010,20240307,1
65110,20240307,1
336010,20240307,1
341510,20240307,1
33610,20240308,1
34110,20240308,1
65010,20240308,1
336010,20240308,1
341510,20240308,1
33610,20240311,1
34010,20240311,1
65110,20240311,1
336110,20240311,1
341510,20240311,1
33610,20240312,1
34010,20240312,1
65110,20240312,1
336010,20240312,1
341610,20240312,1
33710,20240313,1
34010,20240313,1
65010,20240313,1
336010,20240313,1
341510,20240313,1
33610,20240314,1
34010,20240314,1
65110,20240314,1
336010,20240314,1
341510,20240314,1
33610,20240315,1
34110,20240315,1
65010,20240315,1
336010,20240315,1
341510,20240315,1
33610,20240318,1
34010,20240318,1
65110,20240318,1
336110,20240318,1
341510,20240318,1
33610,20240319,1
34010,20240319,1
65110,20240319,1
336010,20240319,1
341610,20240319,1
33710,20240320,1
34010,20240320,1
65010,20240320,1
336010,20240320,1
341510,20240320,1
33610,20240321,1
34010,20240321,1
65110,20240321,1
336010,20240321,1
341510,20240321,1
33610,20240322,1
34110,20240322,1
65010,20240322,1
336010,20240322,1
341510,20240322,1
33610,20240325,1
34010,20240325,1
65110,20240325,1
336110,20240325,1
341510,20240325,1
33610,20240326,1
34010,20240326,1
65110,20240326,1
336010,20240326,1
341610,20240326,1
33710,20240327,1
34010,20240327,1
65010,20240327,1
336010,20240327,1
341510,20240327,1
33610,20240328,1
34010,20240328,1
65110,20240328,1
336010,20240328,1
341510,20240328,1
33610,20240329,1
34110,20240329,1
65010,20240329,1
336010,20240329,1
341510,20240329,1
33610,20240401,1
34010,20240401,1
65110,20240401,1
336110,20240401,1
341510,20240401,1
33610,20240402,1
34010,20240402,1
65110,20240402,1
336010,20240402,1
341610,20240402,1
33710,20240403,1
34010,20240403,1
65010,20240403,1
336010,20240403,1
341510,20240403,1
33610,20240404,1
34010,20240404,1
65110,20240404,1
336010,20240404,1
341510,20240404,1
33610,20240405,1
34110,20240405,1
65010,20240405,1
336010,20240405,1
341510,20240405,1
33610,20240408,1
34010,20240408,1
65110,20240408,1
336110,20240408,1
341510,20240408,1
33610,20240409,1
34010,20240409,1
65110,20240409,1
336010,20240409,1
341610,20240409,1
33710,20240410,1
34010,20240410,1
65010,20240410,1
336010,20240410,1
341510,20240410,1
33610,20240411,1
34010,20240411,1
65110,20240411,1
336010,20240411,1
341510,20240411,1
33610,20240412,1
34110,20240412,1
65010,20240412,1
336010,20240412,1
341510,20240412,1
33610,20240415,1
34010,20240415,1
65110,20240415,1
336110,20240415,1
341510,20240415,1
33610,20240416,1
34010,20240416,1
65110,20240416,1
336010,20240416,1
341610,20240416,1
33710,20240417,1
34010,20240417,1
65010,20240417,1
336010,20240417,1
341510,20240417,1
33610,20240418,1
34010,20240418,1
65110,20240418,1
336010,20240418,1
341510,20240418,1
33610,20240419,1
34110,20240419,1
65010,20240419,1
336010,20240419,1
341510,20240419,1
33610,20240422,1
34010,20240422,1
65110,20240422,1
336110,20240422,1
341510,20240422,1
33610,20240423,1
34010,20240423,1
65110,20240423,1
336010,20240423,1
341610,20240423,1
33710,20240424,1
34010,20240424,1
65010,20240424,1
336010,20240424,1
341510,20240424,1
33610,20240425,1
34010,20240425,1
65110,20240425,1
336010,20240425,1
341510,20240425,1
33610,20240426,1
34110,20240426,1
65010,20240426,1
336010,20240426,1
341510,20240426,1
33610,20240429,1
34010,20240429,1
65110,20240429,1
336110,20240429,1
341510,20240429,1
33610,20240430,1
34010,20240430,1
65110,20240430,1
336010,20240430,1
341610,20240430,1
33710,20240501,1
34010,20240501,1
65010,20240501,1
336010,20240501,1
341510,20240501,1
33610,20240502,1
34010,20240502,1
65110,20240502,1
336010,20240502,1
341510,20240502,1
33610,20240503,1
34110,20240503,1
65010,20240503,1
336010,20240503,1
341510,20240503,1
33610,20240506,1
34010,20240506,1
65110,20240506,1
336110,20240506,1
341510,20240506,1
33610,20240507,1
34010,20240507,1
65110,20240507,1
336010,20240507,1
341610,20240507,1
33710,20240508,1
34010,20240508,1
65010,20240508,1
336010,20240508,1
341510,20240508,1
33610,20240509,1
34010,20240509,1
65110,20240509,1
336010,20240509,1
341510,20240509,1
33610,20240510,1
34110,20240510,1
65010,20240510,1
336010,20240510,1
341510,20240510,1
33610,20240513,1
34010,20240513,1
65110,20240513,1
336110,20240513,1
341510,20240513,1
33610,20240514,1
34010,20240514,1
65110,20240514,1
336010,20240514,1
341610,20240514,1
33710,20240515,1
34010,20240515,1
65010,20240515,1
336010,20240515,1
341510,20240515,1
33610,20240516,1
34010,20240516,1
65110,20240516,1
336010,20240516,1
341510,20240516,1
33610,20240517,1
34110,20240517,1
65010,20240517,1
336010,20240517,1
341510,20240517,1
33610,20240520,1
34010,20240520,1
65110,20240520,1
336110,20240520,1
341510,20240520,1
33610,20240521,1
34010,20240521,1
65110,20240521,1
336010,20240521,1
341610,20240521,1
33710,20240522,1
34010,20240522,1
65010,20240522,1
336010,20240522,1
341510,20240522,1
33610,20240523,1
34010,20240523,1
65110,20240523,1
336010,20240523,1
341510,20240523,1
33610,20240524,1
34110,20240524,1
65010,20240524,1
336010,20240524,1
341510,20240524,1
13,20240527,1
10,20240527,2
33610,20240528,1
34010,20240528,1
65110,20240528,1
336010,20240528,1
341610,20240528,1
33710,20240529,1
34010,20240529,1
65010,20240529,1
336010,20240529,1
341510,20240529,1
33610,20240530,1
34010,20240530,1
65110,20240530,1
336010,20240530,1
341510,20240530,1
33610,20240531,1
34110,20240531,1
65010,20240531,1
336010,20240531,1
341510,20240531,1
33610,20240603,1
34010,20240603,1
65110,20240603,1
336110,20240603,1
341510,20240603,1
33610,20240604,1
34010,20240604,1
65110,20240604,1
336010,20240604,1
341610,20240604,1
33710,20240605,1
34010,20240605,1
65010,20240605,1
336010,20240605,1
341510,20240605,1
33610,20240606,1
34010,20240606,1
65110,20240606,1
336010,20240606,1
341510,20240606,1
33610,20240607,1
34110,20240607,1
65010,20240607,1
336010,20240607,1
341510,20240607,1
33610,20240610,1
34010,20240610,1
65110,20240610,1
336110,20240610,1
341510,20240610,1
33610,20240611,1
34010,20240611,1
65110,20240611,1
336010,20240611,1
341610,20240611,1
33710,20240612,1
34010,20240612,1
65010,20240612,1
336010,20240612,1
341510,20240612,1
33610,20240613,1
34010,20240613,1
65110,20240613,1
336010,20240613,1
341510,20240613,1
33610,20240614,1
34110,20240614,1
65010,20240614,1
336010,20240614,1
341510,20240614,1
19,20240527,1
16,20240527,2
26,20240527,1
22,20240527,2
31,20240527,1
28,20240527,2
340640,20240226,1
340540,20240227,1
340540,20240228,1
340540,20240229,1
340540,20240301,1
340640,20240304,1
340540,20240305,1
340540,20240306,1
340540,20240307,1
340540,20240308,1
340640,20240311,1
340540,20240312,1
340540,20240313,1
340540,20240314,1
340540,20240315,1
340640,20240318,1
340540,20240319,1
340540,20240320,1
340540,20240321,1
340540,20240322,1
340640,20240325,1
340540,20240326,1
340540,20240327,1
340540,20240328,1
340540,20240329,1
340640,20240401,1
340540,20240402,1
340540,20240403,1
340540,20240404,1
340540,20240405,1
340640,20240408,1
340540,20240409,1
340540,20240410,1
340540,20240411,1
340540,20240412,1
340640,20240415,1
340540,20240416,1
340540,20240417,1
340540,20240418,1
340540,20240419,1
340640,20240422,1
340540,20240423,1
340540,20240424,1
340540,20240425,1
340540,20240426,1
340640,20240429,1
340540,20240430,1
340540,20240501,1
340540,20240502,1
340540,20240503,1
340640,20240506,1
340540,20240507,1
340540,20240508,1
340540,20240509,1
340540,20240510,1
340640,20240513,1
340540,20240514,1
340540,20240515,1
340540,20240516,1
340540,20240517,1
340640,20240520,1
340540,20240521,1
340540,20240522,1
340540,20240523,1
340540,20240524,1
43,20240527,1
40,20240527,2
340540,20240528,1
340540,20240529,1
340540,20240530,1
340540,20240531,1
340640,20240603,1
340540,20240604,1
340540,20240605,1
340540,20240606,1
340540,20240607,1
308749,20240225,1
308746,20240226,1
341046,20240226,1
308746,20240227,1
340946,20240227,1
308846,20240228,1
340946,20240228,1
308846,20240229,1
340946,20240229,1
308846,20240301,1
340946,20240301,1
308749,20240303,1
308746,20240304,1
341046,20240304,1
308746,20240305,1
340946,20240305,1
308846,20240306,1
340946,20240306,1
308846,20240307,1
340946,20240307,1
308846,20240308,1
340946,20240308,1
308749,20240310,1
308746,20240311,1
341046,20240311,1
308746,20240312,1
340946,20240312,1
308846,20240313,1
340946,20240313,1
308846,20240314,1
340946,20240314,1
308846,20240315,1
340946,20240315,1
308749,20240317,1
308846,20240318,1
340946,20240318,1
308846,20240319,1
340946,20240319,1
308846,20240320,1
340946,20240320,1
308846,20240321,1
340946,20240321,1
308846,20240322,1
340946,20240322,1
308849,20240324,1
308846,20240325,1
340946,20240325,1
308846,20240326,1
340946,20240326,1
308846,20240327,1
340946,20240327,1
308846,20240328,1
340946,20240328,1
308846,20240329,1
340946,20240329,1
308849,20240331,1
308846,20240401,1
340946,20240401,1
308846,20240402,1
340946,20240402,1
308846,20240403,1
340946,20240403,1
308846,20240404,1
340946,20240404,1
308846,20240405,1
340946,20240405,1
308849,20240407,1
308846,20240408,1
340946,20240408,1
308846,20240409,1
340946,20240409,1
308846,20240410,1
340946,20240410,1
308846,20240411,1
340946,20240411,1
308846,20240412,1
340946,20240412,1
308849,20240414,1
308846,20240415,1
340946,20240415,1
308846,20240416,1
340946,20240416,1
308846,20240417,1
340946,20240417,1
308846,20240418,1
340946,20240418,1
308846,20240419,1
340946,20240419,1
308849,20240421,1
308846,20240422,1
340946,20240422,1
308846,20240423,1
340946,20240423,1
308846,20240424,1
340946,20240424,1
308846,20240425,1
340946,20240425,1
308846,20240426,1
340946,20240426,1
308849,20240428,1
308846,20240429,1
340946,20240429,1
308846,20240430,1
340946,20240430,1
308846,20240501,1
340946,20240501,1
308846,20240502,1
340946,20240502,1
308846,20240503,1
340946,20240503,1
308749,20240505,1
308746,20240506,1
341046,20240506,1
308746,20240507,1
340946,20240507,1
308846,20240508,1
340946,20240508,1
308846,20240509,1
340946,20240509,1
308846,20240510,1
340946,20240510,1
308749,20240512,1
308746,20240513,1
341046,20240513,1
308746,20240514,1
340946,20240514,1
308846,20240515,1
340946,20240515,1
308846,20240516,1
340946,20240516,1
308846,20240517,1
340946,20240517,1
308749,20240519,1
308746,20240520,1
341046,20240520,1
308746,20240521,1
340946,20240521,1
308846,20240522,1
340946,20240522,1
308846,20240523,1
340946,20240523,1
308846,20240524,1
340946,20240524,1
308849,20240526,1
308849,20240527,1
49,20240527,1
46,20240527,2
308846,20240528,1
340946,20240528,1
308846,20240529,1
340946,20240529,1
308846,20240530,1
340946,20240530,1
308846,20240531,1
340946,20240531,1
308749,20240602,1
308746,20240603,1
341046,20240603,1
308746,20240604,1
340946,20240604,1
308846,20240605,1
340946,20240605,1
308846,20240606,1
340946,20240606,1
308846,20240607,1
340946,20240607,1
308749,20240609,1
308746,20240610,1
341046,20240610,1
308746,20240611,1
340946,20240611,1
308846,20240612,1
340946,20240612,1
308846,20240613,1
340946,20240613,1
308846,20240614,1
340946,20240614,1
308055,20240225,1
308052,20240226,1
341252,20240226,1
308052,20240227,1
341352,20240227,1
308152,20240228,1
341352,20240228,1
308152,20240229,1
341352,20240229,1
308152,20240301,1
341352,20240301,1
308055,20240303,1
308052,20240304,1
341252,20240304,1
308052,20240305,1
341352,20240305,1
308152,20240306,1
341352,20240306,1
308152,20240307,1
341352,20240307,1
308152,20240308,1
341352,20240308,1
308055,20240310,1
308052,20240311,1
341252,20240311,1
308052,20240312,1
341352,20240312,1
308152,20240313,1
341352,20240313,1
308152,20240314,1
341352,20240314,1
308152,20240315,1
341352,20240315,1
308055,20240317,1
308152,20240318,1
341352,20240318,1
308152,20240319,1
341352,20240319,1
308152,20240320,1
341352,20240320,1
308152,20240321,1
341352,20240321,1
308152,20240322,1
341352,20240322,1
308155,20240324,1
308152,20240325,1
341352,20240325,1
308152,20240326,1
341352,20240326,1
308152,20240327,1
341352,20240327,1
308152,20240328,1
341352,20240328,1
308152,20240329,1
341352,20240329,1
308155,20240331,1
308152,20240401,1
341352,20240401,1
308152,20240402,1
341352,20240402,1
308152,20240403,1
341352,20240403,1
308152,20240404,1
341352,20240404,1
308152,20240405,1
341352,20240405,1
308155,20240407,1
308152,20240408,1
341352,20240408,1
308152,20240409,1
341352,20240409,1
308152,20240410,1
341352,20240410,1
308152,20240411,1
341352,20240411,1
308152,20240412,1
341352,20240412,1
308155,20240414,1
308152,20240415,1
341352,20240415,1
308152,20240416,1
341352,20240416,1
308152,20240417,1
341352,20240417,1
308152,20240418,1
341352,20240418,1
308152,20240419,1
341352,20240419,1
308155,20240421,1
308152,20240422,1
341352,20240422,1
308152,20240423,1
341352,20240423,1
308152,20240424,1
341352,20240424,1
308152,20240425,1
341352,20240425,1
308152,20240426,1
341352,20240426,1
308155,20240428,1
308152,20240429,1
341352,20240429,1
308152,20240430,1
341352,20240430,1
308152,20240501,1
341352,20240501,1
308152,20240502,1
341352,20240502,1
308152,20240503,1
341352,20240503,1
308055,20240505,1
308052,20240506,1
341252,20240506,1
308052,20240507,1
341352,20240507,1
308152,20240508,1
341352,20240508,1
308152,20240509,1
341352,20240509,1
308152,20240510,1
341352,20240510,1
308055,20240512,1
308052,20240513,1
341252,20240513,1
308052,20240514,1
341352,20240514,1
308152,20240515,1
341352,20240515,1
308152,20240516,1
341352,20240516,1
308152,20240517,1
341352,20240517,1
308055,20240519,1
308052,20240520,1
341252,20240520,1
308052,20240521,1
341352,20240521,1
308152,20240522,1
341352,20240522,1
308152,20240523,1
341352,20240523,1
308152,20240524,1
341352,20240524,1
308155,20240526,1
308155,20240527,1
55,20240527,1
52,20240527,2
308152,20240528,1
341352,20240528,1
308152,20240529,1
341352,20240529,1
308152,20240530,1
341352,20240530,1
308152,20240531,1
341352,20240531,1
308055,20240602,1
308052,20240603,1
341252,20240603,1
308052,20240604,1
341352,20240604,1
308152,20240605,1
341352,20240605,1
308152,20240606,1
341352,20240606,1
308152,20240607,1
341352,20240607,1
308055,20240609,1
308052,20240610,1
341252,20240610,1
308052,20240611,1
341352,20240611,1
308152,20240612,1
341352,20240612,1
308152,20240613,1
341352,20240613,1
308152,20240614,1
341352,20240614,1
